1.275230218601958967e+02
1.275230218601958967e+02
1.172601470050337298e+02
1.163448901540264302e+02
1.663463656189032918e+02
1.747254656629471015e+02
1.791636675518240338e+02
5.618559876910573081e+01
7.186989114241751508e+01
8.419984850752828720e+01
1.344994266068819400e+02
1.464141292809332242e+02
1.559792968373341466e+02
1.662247209415081386e+02
1.675662020319846306e+02
1.725879014764364854e+02
5.433602220890022494e+01
4.747278994061945667e+01
6.072170029944519598e+01
9.624313915986900270e+01
1.177860717167508966e+02
1.496178636078133763e+02
1.674254036500193763e+02
1.748178316492291628e+02
1.779150510594463981e+02
1.751685124212809512e+02
1.466058815370745947e+02
1.581227329291325816e+02
1.665487306494893289e+02
1.704295511104646437e+02
1.684137211215505374e+02
1.726328406270422988e+02
1.782036042362347246e+02
5.673530352922059450e+01
4.822898865311510264e+01
4.275222111908438904e+01
4.616484869852572359e+01
4.605994634874280536e+01
7.978123980442391883e+01
1.420365067829511929e+02
1.543646288741502133e+02
1.656521213294651602e+02
5.577334032320376878e+01
6.278491991070038125e+01
5.994403914375140374e+01
9.844157350234988257e+01
1.113930777431595800e+02
1.475194734660872200e+02
1.592901210470536455e+02
1.643925871897391460e+02
1.707811953270032461e+02
1.682276782849446306e+02
1.596609045795096620e+02
1.674501062103022377e+02
1.753370891266076512e+02
1.766118612376416479e+02
1.776119108612874697e+02
1.793405372495980146e+02
1.794938869541167890e+02
5.929205436211208990e+01
5.414240183797238615e+01
6.533043173540903581e+01
9.858907229767461899e+01
1.219711516521354184e+02
1.509257392191927920e+02
1.627705168971087630e+02
1.680428091244741040e+02
1.725924844587878795e+02
1.736677373418652621e+02
1.048514342284723568e+02
1.404640255007936673e+02
1.486568410133901921e+02
1.588723102956245441e+02
1.708586040140686748e+02
1.774433572687535445e+02
1.780757346163673844e+02
1.775511977490104130e+02
1.626955436320672277e+02
1.715773592716226688e+02
1.734412635930222564e+02
1.739108991865269047e+02
1.738598592032700481e+02
1.750456956631260539e+02
1.790254023207640728e+02
5.815715501165723111e+01
6.124354900664724966e+01
7.087223951926050347e+01
7.131526790626182333e+01
1.030557273986312765e+02
1.332417121111775771e+02
1.139084105054308509e+02
1.140133500765148256e+02
1.022892868795930212e+02
9.205901561806318512e+01
9.786785060234369382e+01
1.000363323358481011e+02
1.045670638073394656e+02
1.081302826046453163e+02
1.634901500415777491e+02
1.689098150584211169e+02
1.776463547825080411e+02
5.738813101646258730e+01
6.109849288775373566e+01
5.981002913820587708e+01
9.117503752094114589e+01
1.259831468392121678e+02
1.452827197455613089e+02
1.534302526327489034e+02
1.600175386159471884e+02
1.659902758790206860e+02
6.408650294276428383e+01
7.539907334996610189e+01
7.418916679612161147e+01
1.452912792462472282e+02
1.786006252681671356e+02
1.753038629600282832e+02
1.726762411389275371e+02
1.779896787525167383e+02
1.763381201474145712e+02
1.758743572658420646e+02
1.739860262913692850e+02
1.744611068464940900e+02
1.758210048176130158e+02
1.772259520537666617e+02
1.766819883418028212e+02
1.777382181800261947e+02
1.781178799163536439e+02
5.256525033801293034e+01
4.991619202013112755e+01
6.456184188332522922e+01
9.385631660214376382e+01
1.130609740522231306e+02
1.626069383248676843e+02
1.796926104388386989e+02
1.741601599935791000e+02
1.503221054251466740e+02
1.458545666426821867e+02
1.429569432283992114e+02
1.415119068050036617e+02
1.424559318596329263e+02
1.389461733014775859e+02
1.354800658658168402e+02
1.354933307295668783e+02
1.343166802181996218e+02
1.328867891613547272e+02
1.534402475003171844e+02
1.479033998933936118e+02
1.421053696077367192e+02
1.396312481962143011e+02
1.393913773910355189e+02
1.408589106420127166e+02
1.485143289093257124e+02
1.518917536568265234e+02
1.517457668447863455e+02
1.513342286872159264e+02
1.505279710817966361e+02
1.663671147233953604e+02
1.600199526811587418e+02
1.500544582928625061e+02
1.453305215535517334e+02
1.434431578387428488e+02
1.389309041993500955e+02
1.350684507408576280e+02
1.326429097949201150e+02
1.319508557834960527e+02
1.304452004430630154e+02
1.299304234189173997e+02
1.659933480686985945e+02
1.610424110456449682e+02
1.527863397119152467e+02
1.452734846244559037e+02
1.374799451397286987e+02
1.305854296869244706e+02
1.286001572217222417e+02
1.282862601553567004e+02
1.300194814074016563e+02
1.320394662808433850e+02
1.314538002347745191e+02
1.505435334651806158e+02
1.392929399312466785e+02
1.342774251488380912e+02
1.313957777185871976e+02
1.327416222436798705e+02
1.330503604427974551e+02
1.312956995311896264e+02
1.396969961587303999e+02
1.357035106405796512e+02
1.274371737234866657e+02
1.246018431359280214e+02
1.264015850916628096e+02
1.339927343831670896e+02
1.378508863603668431e+02
1.376674281654309198e+02
1.404194085223092543e+02
1.405500376074774636e+02
1.411051549192021071e+02
1.393991720021056437e+02
1.411938713097911489e+02
1.446437270100643104e+02
1.465106033503370213e+02
1.454326988924659645e+02
1.490294821107788721e+02
1.475035421132271267e+02
1.508944977030346308e+02
1.529795280785439786e+02
1.490399386728582556e+02
1.521830589130253202e+02
1.561552339009870423e+02
1.611820993762200374e+02
1.629731414184406617e+02
1.650680970283328577e+02
1.643886913570811714e+02
1.533605325648301800e+02
1.569213404770101477e+02
1.567321197262346573e+02
1.580384667053250212e+02
1.598611710590935786e+02
1.618583376670187306e+02
1.706132020232322191e+02
1.734986972462036476e+02
1.762233268314116970e+02
1.760742023076091982e+02
1.760747096026857150e+02
1.660920150903226897e+02
1.652588384390040517e+02
1.662597875047040930e+02
1.682842791113952501e+02
1.637635139935519817e+02
1.656525080972886599e+02
1.659650749221498813e+02
1.741990220719324043e+02
1.760033516379774312e+02
1.746988838256095562e+02
1.789966641547459290e+02
1.774097737478057297e+02
1.782706750691901334e+02
1.797694638972201062e+02
1.769059873202327253e+02
1.681941878912715254e+02
1.630725994731052992e+02
1.623404579380681980e+02
1.657474546095634480e+02
1.735683127977836193e+02
1.737933939530952898e+02
1.710401063783175175e+02
1.756252146219408417e+02
1.758127031186511147e+02
1.775695870850281040e+02
1.443414864765931611e+02
1.197906631218149585e+02
1.341686914547235006e+02
1.239077405525800657e+02
1.052131608487023584e+02
8.213361881053498337e+01
6.789014784991844920e+01
6.964383426697435198e+01
1.585701792883619419e+02
1.071370341944315214e+02
7.412817878297987306e+01
1.682776622314287707e+01
3.552092358427137331e+00
1.909617574836128284e+01
4.190652743517353507e+00
1.587868067342142631e+01
