2.564933197790261588e+01
2.492593967791124854e+01
1.573463220497406212e+01
1.059792584270820726e+01
4.646918222391512643e+00
3.348463472175986944e+00
1.213055201261105553e+00
4.831969724439574843e-01
6.549856475739497252e-01
1.365874275761329304e-01
8.136697615412034068e-01
1.921796586957534858e-01
4.845032532243450873e+00
5.144791091760591684e+00
4.602328449249506903e+00
4.456705851236176130e+00
4.117523901683741272e+00
3.219423298369665343e+00
2.240520793121965504e+00
3.277460375544420490e+00
3.576175318259808833e+00
2.934062829984256826e+00
7.191100917932745640e-01
5.329558624188671878e+00
5.239920542503821999e+00
5.108946038460125294e+00
4.954812195996763258e+00
5.959147368101913145e+00
6.835572687913881396e+00
6.895302059536652095e+00
7.413519297617725989e+00
8.731115585390959666e+00
7.866827957980148334e+00
7.951248552840184836e+00
1.567178943405126823e+01
1.374640037182123109e+01
1.075762852749358522e+01
1.005150965167132782e+01
8.768774524953020233e+00
9.965683647785867905e+00
9.441261288771132243e+00
1.007192015378329941e+01
1.107344602940596801e+01
1.171258619416063063e+01
1.114193190239443787e+01
1.000344362092387840e+01
1.046218790992258008e+01
1.184840539720453023e+01
1.180796294647023714e+01
1.252890328960750210e+01
1.285891268016322186e+01
1.261211269164830462e+01
1.115983086847202799e+01
1.175741671566132140e+01
1.111439661467463402e+01
1.259208164176820510e+01
1.407868104154304589e+01
1.434072995824913477e+01
1.376066691800959951e+01
1.385620277598742867e+01
1.245228695420909482e+01
1.110612028057876088e+01
1.132372480770712819e+01
1.010586469378768903e+01
7.759738169594092128e+00
7.163311644832196734e+00
6.222567968112734604e+00
4.163319291714791426e+00
5.951630295978786123e+00
5.424632109066157781e+00
3.045208559408549398e+00
6.269590518829470049e+00
7.361530258185502440e+00
1.088676104165114467e+01
1.303592547789163270e+01
1.441293390015105835e+01
1.434837516255301892e+01
1.260896680624939137e+01
1.180160178080473621e+01
5.855850730215821365e+00
8.708310838707259194e+00
4.498168600019714525e+00
5.923903433322842638e+00
5.584338248064677934e+00
5.919870680685757058e+00
1.519778593186457583e+00
5.464332694970836651e-02
3.247303921364871560e+00
3.202431829311146227e+00
3.673170449048422714e+00
5.420398296281381256e+00
4.245267033199154660e+00
6.005518959933966450e+00
5.735329151990695706e+00
7.599835409857695012e+00
7.871241479463862767e+00
7.626436402587232877e+00
7.235816281481369572e+00
6.426238550514059789e+00
3.448467276078515997e+00
8.002823449151090784e-01
1.277252140837616068e+00
4.586628564221781446e+00
4.700147479075421408e+00
1.949511301723936718e+00
2.221922083655693547e-01
1.781318916349710069e+00
1.436372483743085127e+00
4.435146214942873755e+00
1.759598298816107853e+00
1.531097515184624669e+00
3.891690112044430716e+00
2.711190049573939387e+00
2.304249254395359880e+00
1.153929255779768459e+00
6.027391991279427153e+00
7.524538228514681570e+00
8.084705512656430670e+00
1.038224940205895841e+01
1.134822358224178274e+01
1.275332215764133181e+01
1.802991145690361563e+01
1.920041399588484410e+01
4.873814854712752975e+01
3.606663798011742728e+01
3.260135762165064932e+01
3.192068267834278927e+01
3.013326344465210482e+01
3.023251897987452352e+01
2.482961902929425690e+01
2.191701902362238030e+01
1.856874167216968630e+01
2.341002397022826642e+00
7.639986410147160178e+00
5.290257150274809028e+00
1.202228520916394139e+01
1.728663534657474443e+01
1.635370959849165118e+01
2.376838673991873208e+01
2.319574050956438072e+01
2.267909681387234500e+01
2.287440743193521442e+01
2.197609341726969490e+01
2.179563224663369425e+01
2.298109981904383758e+01
1.704276922362767621e+01
1.765547249493536697e+01
1.837815454182258179e+01
2.231209434139237757e+01
2.232336757955912532e+01
2.229704236957587327e+01
2.186633778261808203e+01
2.138781434856814556e+01
2.159182400556669990e+01
2.162190280745688753e+01
2.395931959274226841e+01
1.378454445460395483e+01
1.724476732658199296e+01
1.982026620582820797e+01
2.200972935906054317e+01
2.295221942594906039e+01
2.403057864212669159e+01
2.547413058057917823e+01
2.621432213568211012e+01
2.714578788782429086e+01
2.753585927763016628e+01
2.745211142265378257e+01
1.492055084664875686e+01
1.703419441452378180e+01
1.936993402678215048e+01
1.971907394498772348e+01
2.224978767794796752e+01
2.349776460051965188e+01
2.437359754419285096e+01
2.529031992449293043e+01
2.591130978225763215e+01
2.555604409093217910e+01
2.517701414515897440e+01
1.819357627981309733e+01
2.067190746369948684e+01
2.173804076536077190e+01
2.204855004820786846e+01
2.234198029862200130e+01
2.344623568249195245e+01
2.371660874176889777e+01
2.140974637946274584e+01
2.192258529591122951e+01
2.265271889003574657e+01
2.480890114303434402e+01
2.792398801031896483e+01
2.503378299268406693e+01
2.476246685576955286e+01
2.499756860853220886e+01
2.505103246991141219e+01
2.535648212022026726e+01
2.495861536783528933e+01
2.470728949138924335e+01
2.489814624662543707e+01
2.461250720825761462e+01
2.307485265545725994e+01
2.241657852935549045e+01
1.920774738791472203e+01
1.913806110517568726e+01
1.775276306704166274e+01
1.906213433455369355e+01
1.693988259852100953e+01
1.669188122080658587e+01
1.576636183874701302e+01
1.496915205348156519e+01
1.514000344288379019e+01
1.578712489506127881e+01
1.358678841178230989e+01
1.829782474048641205e+01
1.754922575941613516e+01
1.643980638348203982e+01
1.566258509150444311e+01
1.504531002296717546e+01
1.464069299133633173e+01
1.212851746578067846e+01
8.329823351715370805e+00
7.891908260105958028e+00
9.205144672752513912e+00
1.028201447525341194e+01
1.304751087837956547e+01
1.331003378113026336e+01
1.366255248489047602e+01
1.453402614279641192e+01
1.522542770877415919e+01
1.716492146969516241e+01
1.751234994462688377e+01
1.451453448591725781e+01
1.273068280798057650e+01
1.169220229759292806e+01
7.067557673002764496e+00
7.721757026741776997e+00
6.095551480278800227e+00
6.661020799258055014e+00
6.972910301080699647e+00
7.643453712821969503e+00
8.272143473228721788e+00
7.959943704885525051e+00
7.343965475798516884e+00
6.646689144483673317e+00
8.239948384439719220e+00
1.390859588288609494e+01
1.344759398498577774e+01
1.905453330193111938e+01
1.786002587658208540e+01
2.333278078717143100e-01
1.468597337444657036e+01
1.909743592958749048e+01
1.581519125618161858e+01
1.415684938981778274e+01
1.137609162245995087e+01
1.026281667833726630e+01
9.550302429125757442e+00
8.620596224501705374e-01
3.104771430188666900e-03
7.552075071786047644e+00
1.927853578592506878e+01
4.753810746583061686e+00
1.373129252251103338e+01
3.398619457603394522e+01
4.569889432701612009e+01
