3.791899385207131701e+01
3.418360949772035440e+01
2.312035322456219077e+01
2.124308720474212109e+01
2.002070434291694667e+01
1.978593839778988439e+01
1.739947084232778707e+01
1.637230246958375091e+01
1.458468058624491803e+01
1.418518295175407040e+01
1.378026580619135188e+01
1.329572477253604568e+01
1.617093718320137441e+01
1.596736246734974962e+01
1.428732957662364811e+01
1.284353046632243611e+01
1.224091075067732604e+01
1.319306861070799997e+01
1.364701092374602709e+01
1.412390288489747014e+01
1.385848025589923438e+01
1.437737564163718673e+01
1.283327134716562057e+01
1.681319398894671480e+01
1.670199088147941779e+01
1.632820064259435355e+01
1.881060685355488005e+01
1.759441779483067592e+01
1.745554334876930369e+01
1.644430104325819286e+01
1.587772009242296001e+01
1.405116560059322772e+01
1.332688800704867838e+01
1.207369413798100055e+01
1.532341223636687211e+01
1.504499467897891840e+01
1.405009659021471968e+01
1.352986841102683258e+01
1.379184837428828558e+01
1.389211396674091503e+01
1.695829898764023014e+01
1.773405084971646772e+01
1.678382700459193799e+01
1.774286163091700530e+01
1.782780392671554637e+01
2.357262936495288841e+01
2.017334700370216183e+01
1.875666257617975674e+01
1.908953302648714612e+01
2.021231332390230762e+01
2.136352812625798236e+01
2.170167221603449192e+01
2.222903359976309545e+01
2.548227588003910782e+01
2.697614413531901079e+01
2.622939871479092133e+01
2.447468327878279126e+01
2.369708544924376881e+01
2.252695148195851615e+01
2.182285773207752655e+01
2.282668858015131619e+01
2.286898279735668638e+01
2.294598438268342022e+01
2.338256568181719786e+01
2.371927369726605761e+01
2.309385016183619754e+01
2.284177979518712931e+01
2.306703967632289221e+01
2.202770392375068909e+01
2.240597671553413051e+01
2.253411060067735860e+01
2.302754018279992465e+01
2.166174790039255171e+01
2.283115495793454741e+01
2.578271488659112265e+01
2.754570738269189434e+01
2.873965203832942805e+01
2.974512449461100161e+01
3.110291200365561437e+01
1.788226877264260040e+01
2.435578357764603652e+01
2.514682511560058487e+01
2.639962405654940980e+01
2.521863446311363433e+01
2.447589765856658417e+01
2.376947629188399347e+01
2.324593825744739206e+01
2.450875346124613330e+01
2.044428115624974041e+01
1.692024734260978391e+01
1.008496902614342261e+01
1.123060074980296363e+01
1.276821807459175062e+01
1.319518237092936630e+01
1.413813225375829319e+01
1.555057918993995081e+01
1.707429136367512257e+01
1.976658840419688445e+01
2.114951661082314871e+01
2.147849884359712291e+01
2.052325274392192256e+01
1.870324503184433951e+01
2.043647095386853607e+01
2.349823861321873508e+01
2.362076703434965808e+01
2.130876091295803576e+01
2.000655910591579811e+01
1.860349926203837612e+01
1.830448737426381101e+01
1.267153901647591319e+01
1.371172587085139405e+01
1.383296810873325278e+01
9.482561151645979791e+00
1.187829728527659157e+01
1.614822758095532151e+01
1.580802804732770817e+01
1.625466814775852598e+01
1.808176563850186369e+01
1.946249670870630410e+01
2.089604977349454984e+01
2.201402187697154744e+01
2.273635373666978765e+01
2.256484309504894270e+01
2.959719787781414979e+01
2.522047197621811776e+01
2.273323551233174200e+01
2.302894612370831950e+01
2.341525299231337698e+01
2.243527291287868053e+01
2.227659458051526542e+01
2.100123482527015994e+01
1.942382517390169738e+01
5.270022268699646517e+00
6.673021304510251994e+00
1.125145224629940977e+01
8.041164665763202990e-01
4.024344950302112700e+00
3.174731945407371470e+00
3.243232795944465341e+00
3.599933408826177850e+00
3.454639881461340600e+00
4.527009585005634662e+00
6.241668394314634050e+00
6.266399106132847230e+00
7.034278942344387886e+00
4.819254428737404505e-01
1.114034711382176496e-01
9.768643505932620430e-01
9.434750599050911735e-01
1.109440372252788132e+00
2.996054187394095458e-01
2.718273737173187987e-01
4.257258113955444401e-01
2.262475593144265551e-01
5.877353744122275625e-01
2.894149710847271351e+00
7.901138361276446531e+00
8.892732795720172945e+00
1.015856599873114519e+01
9.384484073916864233e+00
8.489552506236563545e+00
7.833268849299654057e+00
7.092734236794394853e+00
6.619891705852507968e+00
6.089493116005663786e+00
6.167696454748771373e+00
6.002351184273110540e+00
1.065036490799345437e+01
8.481347285593864527e+00
8.782507659835536273e+00
7.028225694107002042e+00
6.399592443818034049e+00
4.972979371741839572e+00
1.911755814668346098e-01
1.700764729987566670e-01
3.814243970790121452e+00
4.138322065418542195e+00
3.739452084355414652e+00
2.082536275535256109e+00
1.839590496967465016e+00
5.025912778594657127e+00
5.677193234761942264e+00
6.681388140705561085e+00
6.834580918636276259e+00
8.733144300370941693e+00
1.663224260540682176e+00
1.191309738825486741e+00
1.100162892935574011e+00
6.697746219081971653e+00
5.998338231632624584e+00
1.854107312258199691e+00
3.206996799626797845e+00
2.954925535331578423e+00
1.926639790687127540e+00
1.101564932723711809e+00
4.737858955936536942e-01
2.711394812627509587e+00
2.538354880650847356e+00
2.697747338084980573e+00
3.345888912103450075e+00
2.956932168887707935e+00
2.746466544315308678e+00
2.992607415351328015e+00
2.823409511691322926e+00
6.695268818508795405e+00
6.144127461352148600e+00
6.641513378226102660e+00
7.872155571671312302e+00
8.335141771063767635e+00
9.393537725087519163e+00
9.616086275985438192e+00
1.201144765573529050e+01
1.109206188113880032e+01
1.141569588606358110e+01
1.054900183526426716e+01
9.370162404867009798e+00
7.584183986277627021e+00
7.537945120947543209e+00
7.724692469762703517e+00
7.434043929557183183e+00
7.523655905363428431e+00
8.125114106887522780e+00
8.159839203357606152e+00
9.027021784451918052e+00
9.360722893421533186e+00
9.739129822477709197e+00
9.207253446468101288e+00
9.790084231037390339e+00
1.011722015250133033e+01
1.320089936661097241e+01
1.516222994097750387e+01
1.565934531454661460e+01
1.799922805124783309e+01
1.780279222564757902e+01
1.514130470633515735e+01
1.613726122542922781e+01
1.676374462559164158e+01
1.881368986615741079e+01
1.949114582160834530e+01
1.962076942902471544e+01
1.904151122829427933e+01
1.841818058800545899e+01
1.875354214714375800e+01
1.856892673057402732e+01
1.524958848126718713e+01
1.108830847562905220e+01
1.435509400865277563e+01
2.124737062124683717e+01
2.256330001578105282e+01
2.256792734238266007e+01
1.488042201688284827e+01
1.584131769548351976e+01
1.634859525997304885e+01
1.693622790473589745e+01
1.943121487656928537e+01
2.093259711581908178e+01
1.454059532624231643e+01
2.438764702870430767e+01
4.085940015033918371e+01
3.818798718614952747e+01
3.175486014630583753e+01
2.725786293445112562e+01
2.616657707798784216e+01
2.130915477075807729e+01
