1.414371445519914516e+02
1.337323734402214086e+02
1.527747175088321114e+02
1.274962463984564067e+02
1.477811075453854244e+02
1.507815857994797852e+02
1.536243396990507222e+02
1.623041257824735339e+02
1.703672053686982508e+02
1.673150183713217132e+02
1.729065675379029585e+02
1.737953631996703052e+02
1.607465349278542703e+02
1.626785409868105319e+02
1.689774554029017395e+02
1.733062907374913948e+02
1.752315041846295003e+02
1.730032581736978159e+02
1.696330104105279588e+02
1.696306415247526616e+02
1.782146872780018612e+02
1.785819790158087699e+02
1.653416334616850634e+02
1.688851511633314715e+02
1.711595690272520471e+02
1.781655548695679556e+02
1.686011223885441552e+02
1.701697527608424139e+02
1.688180367694385211e+02
1.698742124998119323e+02
1.693652035877666435e+02
1.710303966073240645e+02
1.728470419400578919e+02
1.746056255780841866e+02
1.618170616775701660e+02
1.637437002320070292e+02
1.671206945082623463e+02
1.674011868928511433e+02
1.671577589800081682e+02
1.675577552020899077e+02
1.659917661608037918e+02
1.651552566845737147e+02
1.688845684277335977e+02
1.678525138341202876e+02
1.684094823203112412e+02
1.441811780551392701e+02
1.621882822871417602e+02
1.682304857862021947e+02
1.686814927278486493e+02
1.659253223409551481e+02
1.624942023167395178e+02
1.630009725311376201e+02
1.529128959238226457e+02
1.476078348058477445e+02
1.427748476493158591e+02
1.449457191788210366e+02
1.430326444379636825e+02
1.432498931551920975e+02
1.421933843045161439e+02
1.412513734331596140e+02
1.396348643264576310e+02
1.378685870238218456e+02
1.379796886698190406e+02
1.373038025319005158e+02
1.352041679315592830e+02
1.339643737918872830e+02
1.344683059267494514e+02
1.345864297796766209e+02
1.389724026222257294e+02
1.388197626124473629e+02
1.380117448458532863e+02
1.349137888546522959e+02
1.366479437332591544e+02
1.283227750502637718e+02
1.210724922863298332e+02
1.113059219879807813e+02
1.135931018976213522e+02
1.157173225221972359e+02
1.133653836104254822e+02
1.536030746372496765e+02
1.217459807789009574e+02
1.169150931308525401e+02
1.163413823409335919e+02
1.175541345642366480e+02
1.203432818038335199e+02
1.224450757768697997e+02
1.261701275898521999e+02
1.248749034381572756e+02
1.381655270645190967e+02
1.452616402562648830e+02
1.616576093847839672e+02
1.486510377705757264e+02
1.415872792266691249e+02
1.393490328565941638e+02
1.385454724268907682e+02
1.381849569349811020e+02
1.378692894329346927e+02
1.379579884832820369e+02
1.374460759311903928e+02
1.354520536384081879e+02
1.361727849828608612e+02
1.498455621814291874e+02
1.375745516193160825e+02
1.319868889666616951e+02
1.402390457338714498e+02
1.431230041366201249e+02
1.485819073558170373e+02
1.596501871852918555e+02
1.710503614604364202e+02
1.693901978348276032e+02
1.682650504383773864e+02
1.693075258528114091e+02
1.517071720879746408e+02
1.675736472280516409e+02
1.680794900245774102e+02
1.760657429823786799e+02
1.742594183479134529e+02
1.794155098298762709e+02
1.632009314856417461e+02
1.392545519659622641e+02
1.424043171632221458e+02
1.437221131370311014e+02
1.583611293217306013e+02
1.170109005957019690e+02
1.042672470870904249e+02
5.898069671608462272e+01
4.950546308855842170e+01
5.767673195788515983e+01
8.126260715916465927e+01
1.009792077674906068e+02
1.123666599651861020e+02
1.315215690275532552e+02
1.604212724284736851e+02
1.768557768713901908e+02
1.631282594328237110e+02
1.736714799304784549e+02
1.657833399344475254e+02
1.656625297191817765e+02
1.668485407838761319e+02
1.617316375639043429e+02
1.546808149073403058e+02
1.466534687198651170e+02
1.421273076689579682e+02
1.422451644756656606e+02
1.415511427012854142e+02
1.706105665021918867e+02
1.729153807777968552e+02
1.660052965405464249e+02
1.628756280911809142e+02
1.603470365944385208e+02
1.633345616710127501e+02
1.602430482152969375e+02
1.513294556157893567e+02
1.518481794826962528e+02
1.535626313728446348e+02
1.557559836426925131e+02
1.626652564691712541e+02
1.665160151630855410e+02
1.666152892683623747e+02
1.706607615532530247e+02
1.725515694701913390e+02
1.770782224393119293e+02
1.766756596837063569e+02
1.765827168073868449e+02
1.783493820031567338e+02
1.784073622705161029e+02
1.773670135687024469e+02
1.626523877823376267e+02
1.706743366459905644e+02
1.681136621117508128e+02
1.759635432243456421e+02
1.789929708052733304e+02
1.732095713330880926e+02
1.552482040321740158e+02
1.522834059356181626e+02
1.448537946485171801e+02
1.431339299522338706e+02
1.437529153318881470e+02
1.786432011549336778e+02
1.579508344342630437e+02
1.455826806433291836e+02
1.422283890290850081e+02
1.398101134420930123e+02
1.397372923118134338e+02
1.380159173194803941e+02
1.751312216984506733e+02
1.717889540703858984e+02
1.681115012093671339e+02
1.563692632095392696e+02
1.595661909413002775e+02
1.694457322220545734e+02
1.665043356970338095e+02
1.663215907726844307e+02
1.654234372142345251e+02
1.691034102519774649e+02
1.687658742657882271e+02
1.697762044686922138e+02
1.709621072612854391e+02
1.725148905338391785e+02
1.759495975444750968e+02
1.760593822201112175e+02
1.776669367765279048e+02
1.798860948853449599e+02
1.752528682050082978e+02
1.637817256299134385e+02
1.665308560424477946e+02
1.643701251788594391e+02
1.624604886813670532e+02
1.594402216287095939e+02
1.585310409658914352e+02
1.578908433206077007e+02
1.494573247496705619e+02
1.588293263345944126e+02
1.503930696249290406e+02
1.482660998128290828e+02
1.479488190724506751e+02
1.512768605752689268e+02
1.519148021289049382e+02
1.478315242997865369e+02
1.476191101860156039e+02
1.461149952565109231e+02
1.429837312481464835e+02
1.447074141408201626e+02
1.487118000771081370e+02
1.486081301436780109e+02
1.495723423538362056e+02
1.553776875250815408e+02
1.547181308400938633e+02
1.578887150427243853e+02
1.484424850581271755e+02
1.449756406734496181e+02
1.431030531510584183e+02
1.416325625034465361e+02
1.431592116431639852e+02
1.582835211170364857e+02
1.523811870601105909e+02
1.487467521801246164e+02
1.460925089824540635e+02
1.450055002659350407e+02
1.450139326743422998e+02
1.464719338660276549e+02
1.477620422785886376e+02
1.498316448425242982e+02
1.491937922864095754e+02
1.500630238623393495e+02
1.693762973613149541e+02
1.654091573403519533e+02
1.605337493618349356e+02
1.695740082620535816e+02
1.704766715217420767e+02
1.584142451322463785e+02
1.769095867051439654e+02
1.535501033701848428e+02
1.314913589693982772e+02
9.357173835627556002e+01
7.630348195113094789e+01
1.300302581070998826e+02
5.804709429515735053e+01
5.059830407463602597e+01
5.083654417088897759e+01
4.925597281927522886e+01
5.736097630900249555e+01
6.877139567393686548e+01
9.281297740624650316e+01
