5.803000295742248937e+01
4.120610318307470976e+01
4.045558939223725758e+01
4.625005651870249324e+01
4.627376336231569098e+01
4.610743915505796764e+01
4.627733580925714563e+01
4.539824301381587901e+01
4.477387423196952909e+01
4.555119738437416288e+01
4.584513901431441951e+01
4.637455728453051762e+01
3.455423828205038461e+01
4.035178793194976521e+01
3.998235968917030192e+01
3.927623762786342354e+01
3.983182596388132168e+01
3.990939192139949654e+01
4.073049736625986128e+01
4.371849776205936422e+01
4.534080973760039512e+01
4.806344791755322632e+01
4.847552299947753340e+01
4.200085668433751351e+01
4.076109084920184245e+01
4.261993114239564306e+01
4.170772164447817687e+01
4.082349050478069330e+01
3.983254941981696362e+01
3.808437915328249801e+01
3.664002832116274533e+01
3.542833209803574590e+01
3.511033046170154392e+01
3.414803792187424136e+01
3.355071115582065033e+01
3.323569748604386831e+01
3.256092343818688306e+01
3.333646999811782763e+01
3.295879008332350679e+01
3.285797424654587218e+01
3.287153059859287652e+01
3.293940860017246308e+01
3.255622369134628258e+01
3.282203779491715778e+01
3.283566760820774988e+01
3.231878618144397564e+01
3.279094920623168008e+01
3.382760504109815258e+01
3.441596232408920741e+01
3.450431587117230237e+01
3.465819864040700793e+01
3.344257554270615884e+01
3.301019400980231921e+01
3.206808764904679521e+01
3.150082633987108949e+01
3.190627060387008385e+01
2.925261357475456236e+01
3.102092586477484204e+01
3.046006823620282944e+01
3.177749565441864377e+01
3.136782669322102635e+01
3.072245677374842288e+01
3.113810317487467216e+01
3.023705591361731848e+01
3.061958462927517388e+01
3.358015259854975909e+01
3.401468147935875663e+01
3.442402169688914881e+01
3.443601750858717736e+01
4.665059943004716558e+01
4.679973339691801471e+01
4.296622227216288081e+01
4.049154912286523000e+01
3.847569241166365828e+01
3.866248133757225958e+01
3.789390763571291387e+01
3.785780299728923382e+01
3.846293667484729184e+01
3.334626538059178102e+01
3.292706156917547133e+01
2.917576470649802189e+01
2.930439409585613575e+01
2.817511023169775086e+01
3.010371332822539259e+01
2.938892935094758840e+01
2.883156873248060492e+01
2.835842407521311515e+01
2.861503088019838970e+01
2.982329126835345079e+01
3.181437010007718058e+01
3.266450221909882856e+01
4.400651351508304998e+01
4.708144081859639130e+01
4.977485978107289100e+01
4.944816901176780988e+01
4.968862746868879299e+01
4.723570391458321183e+01
4.625146590566128424e+01
4.572795405945558400e+01
4.518901228430478767e+01
3.838110998808456031e+01
4.139281561432753165e+01
4.181094610623014773e+01
4.244772665813393786e+01
4.319328329472795502e+01
4.054717341051875223e+01
3.775001301490599559e+01
3.255002324862836360e+01
3.184870729101813680e+01
3.050868494755512117e+01
2.929409172136115558e+01
3.045582376723981000e+01
3.171505037653639647e+01
3.180863283842040090e+01
3.270552679920179884e+01
3.244050348817955864e+01
3.187931223861338381e+01
3.148035292687947617e+01
3.087062860793995256e+01
3.035482340367127208e+01
3.020184606356734136e+01
2.965366273327791191e+01
2.952340532567453835e+01
2.991821703834256141e+01
2.989343963819728955e+01
3.082355239979581540e+01
3.309451702627535497e+01
3.260058301782510881e+01
3.359965363539374295e+01
3.100438107240675478e+01
3.072566777024406548e+01
2.951662871096080920e+01
3.583935652090207924e+01
2.703989360716900237e+01
3.344670336050846515e+01
3.586195144063172080e+01
3.452165808766751809e+01
3.522699429428028139e+01
3.612216590677587646e+01
4.304833752212174858e+01
4.367967968906588538e+01
4.418094216722475664e+01
4.299310802363675066e+01
4.142253546130077524e+01
4.041704805492819474e+01
4.345912881574351871e+01
3.907594556146845832e+01
3.645750525359299843e+01
3.312271542704220906e+01
3.028606484154240164e+01
2.967283608334459899e+01
2.901714479842117456e+01
2.769532861670458601e+01
2.677657998749386792e+01
3.034179753533021540e+01
3.303213243213167516e+01
3.895589436158763874e+01
3.444165316899081120e+01
3.306181050872463345e+01
4.131025272593743836e+01
4.609789499069002972e+01
4.965039315264451858e+01
4.949098408727331844e+01
4.802197916352047002e+01
4.673520994295794395e+01
4.524242023231691689e+01
4.453339748639118767e+01
4.872932537496542693e+01
4.699818551169838088e+01
4.091634978462256100e+01
3.653813251827553188e+01
3.905235377506183170e+01
3.709130774193884150e+01
3.631922329349151823e+01
3.744616481944760267e+01
3.708517707691056842e+01
3.756060011300380808e+01
3.778514322718642404e+01
4.501538725787617068e+01
4.467869871054296027e+01
4.439102094170007717e+01
4.365371837383963083e+01
4.382395218778427193e+01
4.410884698061332188e+01
4.387110429499496433e+01
4.390726182188490867e+01
4.425007078191238463e+01
4.448902439061948400e+01
4.490391233649857838e+01
4.627193323191310981e+01
4.739500360382044875e+01
4.834909407245408630e+01
5.078165987555291139e+01
5.024853522669789641e+01
4.973856631833167086e+01
4.856249684223411123e+01
4.762177645021948535e+01
4.783715189375030974e+01
4.781609794230127619e+01
4.677568199825226714e+01
4.854953205999752441e+01
4.785911085176289959e+01
4.698978424966997380e+01
4.634281520011851541e+01
4.429664922951140937e+01
4.340311386490338208e+01
4.303150546185956671e+01
4.898658033653377686e+01
5.040851672576009435e+01
5.096414460435268268e+01
5.328397225604420839e+01
5.374122652996057781e+01
5.419682077503859574e+01
5.408394318158457992e+01
5.538940485559285776e+01
5.655168922580126889e+01
5.703268748413299249e+01
5.651446114907216156e+01
5.562666748203901790e+01
5.442152330424163864e+01
5.458157223455787488e+01
5.362714842247797264e+01
5.277025715057310151e+01
5.267627114947865152e+01
5.303825490020949474e+01
5.341829871160075527e+01
5.459794542408261009e+01
5.443510175440301424e+01
5.397973818908995725e+01
5.370250023826729091e+01
4.891392712367832729e+01
4.546060100676492510e+01
4.604049142058245536e+01
4.465914172736166421e+01
4.271120301092613403e+01
4.130113966989841856e+01
3.785743184781465231e+01
3.548703317257977830e+01
3.535043459926395570e+01
3.594030781652344331e+01
3.258937646867875060e+01
2.699212759642754023e+01
2.772418574175132022e+01
3.971727460270493282e+01
3.734418808413268209e+01
3.612369284701602368e+01
3.422983874678313754e+01
3.423112930838205870e+01
3.481174300830508628e+01
3.525434924906267753e+01
3.247389785948487173e+01
3.337606210559503950e+01
3.609397955135347047e+01
3.865718734824174163e+01
4.437828291188336749e+01
4.480185033939776673e+01
4.213285895081001087e+01
4.219575566010098555e+01
4.299386384886504686e+01
4.190593795036971869e+01
4.169464192811414449e+01
4.212084251880079933e+01
4.385233277998375456e+01
4.333335276756596244e+01
