6.383180175635821740e+01
6.319519973974407634e+01
6.894985371589793033e+01
6.664720101305265132e+01
6.661708428376111613e+01
6.421381560205152539e+01
6.853177810017717775e+01
6.497462287655625346e+01
6.594559446007208692e+01
6.663483821812894803e+01
6.914565600408239732e+01
6.991976972147932656e+01
7.297931220295222943e+01
8.057903841630989916e+01
8.238543510134418568e+01
8.917173444075490352e+01
9.639270423667392151e+01
9.654051808168952675e+01
9.891590853363771885e+01
9.420349730417171941e+01
8.886016859582923644e+01
8.487966125044178511e+01
7.992934982573716240e+01
6.987161229357209891e+01
6.496453619769904719e+01
6.334463486281934053e+01
6.406599137394496779e+01
5.817703698335571261e+01
5.895802112714756760e+01
5.922178286111188328e+01
6.017102554223395572e+01
6.006880612052435708e+01
6.061022502570514092e+01
6.128765541052043631e+01
6.180236842485687276e+01
6.233017828754417167e+01
6.222687793652429633e+01
6.163158721987212374e+01
6.256338640426341868e+01
6.330823418466150798e+01
6.412678051836070381e+01
6.412385244536808671e+01
6.538364684279261496e+01
6.366598798754593957e+01
6.444588472673785873e+01
6.403766246654171823e+01
6.892466513246783677e+01
6.914843913983344237e+01
7.075725982883641052e+01
7.153246052691658008e+01
7.241289287512282158e+01
6.948556077230826133e+01
6.845142199941928141e+01
6.762936276026580629e+01
6.929781046913544174e+01
6.969364992224116406e+01
6.931550979513384902e+01
6.972360238877857341e+01
6.842845968857152172e+01
6.807497429005128708e+01
6.691560004119870086e+01
6.680776029089101087e+01
6.607940255032870880e+01
6.530818517827854919e+01
6.574138783112259432e+01
6.297225253701670056e+01
6.569229977120480157e+01
6.705812186429623978e+01
6.602012635787619388e+01
7.165536535090843984e+01
8.095939029341028004e+01
9.286867152394358982e+01
8.872832931174463056e+01
8.581172662257006323e+01
8.218944613690592860e+01
8.086475885594440172e+01
8.229538610001984011e+01
8.267657569580867971e+01
8.006572005034315964e+01
8.157090557263509822e+01
8.326044084342046858e+01
9.011929379655077810e+01
9.126769876918075397e+01
1.015249802264460754e+02
9.708053956630959647e+01
9.764865038978558687e+01
8.997744144800509503e+01
8.423679687289495632e+01
8.117361602575188329e+01
7.778083713297948520e+01
8.424860555853717869e+01
8.717596539275797340e+01
9.102996969187682907e+01
9.225618277593906669e+01
9.113469020803080411e+01
8.988404295842275360e+01
8.950236500243170212e+01
8.873095518926038494e+01
8.684865568818946713e+01
8.668960059910295968e+01
7.310702944736132736e+01
7.795155914207495584e+01
7.903586682431541988e+01
7.878998002524386379e+01
7.854180235552330203e+01
7.825880775971457126e+01
7.988175920517602435e+01
8.056145486530300559e+01
8.174126154458708982e+01
8.156955509321039699e+01
8.343159171695997145e+01
7.711986979385270047e+01
7.697525594593345488e+01
7.753037714491691190e+01
7.621301760330445063e+01
7.726383181478827566e+01
7.632772939934335454e+01
7.675712368161880761e+01
7.712062211202284345e+01
7.742322126416475214e+01
7.685978538658675063e+01
7.670525922072698677e+01
7.422412047537196145e+01
7.444785592726239543e+01
7.375105328498810309e+01
7.433068729089042392e+01
7.892334814579375291e+01
8.701888507150408714e+01
9.271987971478699819e+01
1.095786734886361273e+02
1.068255840279939832e+02
1.153697623772324619e+02
1.038568457228988109e+02
8.981330391536937441e+01
8.465399921451343346e+01
8.238017869345388533e+01
8.370892458654337531e+01
8.022599945802227239e+01
7.942977251633867297e+01
7.918179136368283366e+01
7.400447415025055875e+01
9.049254762265252339e+01
9.995673034399248991e+01
1.053537673983175864e+02
1.085451731836883482e+02
8.650687956622732599e+01
9.396980649935056817e+01
1.111240056600397850e+02
1.205773737328261461e+02
1.231739298381822323e+02
1.230353383246088583e+02
1.238338250485839751e+02
1.294982274685803532e+02
1.143890666325556822e+02
1.032691164161250299e+02
1.131798613366055122e+02
8.260935920056026305e+01
9.817338731739670266e+01
9.997242060346565040e+01
9.631142492301637503e+01
9.025547588550523415e+01
8.791690661268722806e+01
8.592564694924806190e+01
8.525537232128601772e+01
8.283302422485508032e+01
8.201505592290538971e+01
8.097195048530949180e+01
8.041688943271199719e+01
8.073003425882781414e+01
7.919632521287731208e+01
7.907060172857516989e+01
7.856965306414876693e+01
7.708963269297883869e+01
6.938440310880235984e+01
6.382437241561980557e+01
6.519088040532190576e+01
6.606253844557825516e+01
6.631040944223171607e+01
6.412113810007191717e+01
6.365413005535337021e+01
6.528992815428280494e+01
6.694748551715785823e+01
6.722530684642524079e+01
6.898636768182473133e+01
7.017656444026943063e+01
7.264945007959504153e+01
7.130202731629421464e+01
7.497926134511450869e+01
7.672472548272294546e+01
7.024803341412180657e+01
7.365203698035466573e+01
7.548558350602795031e+01
7.876669138242372981e+01
7.888036177976108831e+01
7.563131124099359681e+01
7.624596168693922493e+01
7.639623947213438271e+01
7.535362489036904776e+01
7.344152467436830989e+01
7.141623666469149612e+01
7.033438020480461716e+01
6.915426768244752509e+01
6.880814854657376145e+01
6.889213280553356356e+01
6.879918259447809703e+01
6.886381654071755065e+01
6.928111867102791166e+01
7.012789041782092170e+01
7.071203018435774368e+01
7.120695368152139793e+01
6.917804070214502588e+01
6.942474116437713860e+01
6.983970335586568012e+01
7.247800467265687985e+01
7.288866973276130068e+01
7.235842035174053422e+01
7.202040119400679430e+01
7.147889230482836354e+01
7.128095994732821339e+01
7.292716819717736598e+01
7.022407933004193126e+01
6.667281850263336196e+01
6.564122235859697696e+01
6.607229499877118428e+01
6.601801717537864533e+01
6.400255651625431597e+01
6.266533341836834836e+01
6.155199426732051649e+01
6.242747590571763538e+01
6.320890060960363144e+01
6.498280193625714674e+01
6.706641741194931683e+01
6.911754933813229229e+01
7.236983891332047847e+01
7.495887886674539402e+01
7.611692495873579389e+01
7.784377608609395338e+01
7.915213277133044301e+01
8.066289872187273602e+01
8.146220857108173163e+01
8.176265661143892771e+01
7.384366647806818662e+01
7.446374524409030471e+01
7.331933027181362661e+01
7.674128992920832104e+01
7.955279178264086681e+01
8.014630058981117600e+01
7.996635934509174604e+01
8.143142017359795659e+01
8.127446561615310827e+01
8.138074538534689850e+01
8.117641967948186732e+01
8.167796633594092270e+01
8.054849695909115326e+01
7.295121826384288966e+01
7.084496444881924049e+01
7.122167296381839208e+01
7.343669533829070417e+01
7.479060914737272014e+01
7.492481810495645789e+01
7.743378401881075490e+01
7.717847547575146905e+01
7.607541395538612505e+01
7.603835843377341064e+01
