4.668363829434429846e+01
4.948311998102699505e+01
4.405821888642879713e+01
4.888604206455883627e+01
5.152038807583097224e+01
5.232851972096988646e+01
5.021008709790291391e+01
4.774253332716468634e+01
4.717940108069186778e+01
4.536078458184689310e+01
4.479316053159855215e+01
4.538638873867800072e+01
4.564625494135528783e+01
4.814693170591880289e+01
4.860524441990565236e+01
5.021610332703740198e+01
5.161454682737316801e+01
5.503027912636283503e+01
6.240715891644327229e+01
6.392539556995853189e+01
6.711328168078071599e+01
6.826613269134989537e+01
7.345242344951901714e+01
5.751154910108908780e+01
5.372051458141435631e+01
5.057002716443837187e+01
4.943531951853061912e+01
4.709885432833574015e+01
4.303516706771510059e+01
4.202689432982349871e+01
3.813199983390590120e+01
3.851495336943325043e+01
3.889543033793962934e+01
3.905482876998161146e+01
4.327634872965690960e+01
4.223357533793146246e+01
4.155969277273150198e+01
4.075932076071446630e+01
3.975994537273231799e+01
3.917065654299319277e+01
3.886976608952281964e+01
3.831963832217343935e+01
3.811272159257340775e+01
3.806798616529791701e+01
3.785707924560804827e+01
3.813253892300843972e+01
3.712485975246180203e+01
3.833927651548052040e+01
3.816993635589663114e+01
3.916118930257034236e+01
3.942248571546304703e+01
4.114586687987521429e+01
4.131016372343799503e+01
4.162340814912089826e+01
4.168966134315204641e+01
4.183381077383567970e+01
4.036675716942437475e+01
4.106434691390144565e+01
4.192697313501660261e+01
4.168181718983819906e+01
4.127149310864837872e+01
4.010509930776761678e+01
3.949426877501920785e+01
3.827394601351818437e+01
3.871836871159224813e+01
3.660213867283820832e+01
3.999928555353560000e+01
3.838873681850797936e+01
3.840566122887243239e+01
4.516598269735730753e+01
5.638572672297036803e+01
5.204173776164310539e+01
5.009443574498421725e+01
5.082942192657444025e+01
4.930870602198956476e+01
4.643036171372236254e+01
4.487955899795507975e+01
4.498193807631934504e+01
4.545556201183586609e+01
4.611940210059513134e+01
4.359132050576771178e+01
4.135130046335294196e+01
4.143735842528551672e+01
4.313671366622933334e+01
4.201645421782393441e+01
3.933829976527318451e+01
4.567869146356273546e+01
5.129754189556125255e+01
5.501235586174827574e+01
4.774128807803150920e+01
5.392539561589622821e+01
5.710124186478133623e+01
6.124310490417244068e+01
6.273844463981018293e+01
6.111052773082855794e+01
6.162756114178274913e+01
6.078653966846894718e+01
5.822760559559571902e+01
5.706308136665638386e+01
5.833560145395000518e+01
4.547316214575727145e+01
4.926061288855240861e+01
5.339934876108236494e+01
5.745102732537034740e+01
6.045987172488380423e+01
5.824348614390234502e+01
5.749203159675631980e+01
5.828358804739483645e+01
5.768622290363308736e+01
5.544962273029496203e+01
5.024925155154532064e+01
4.681497164051273785e+01
4.615725339494213131e+01
4.517745166185807193e+01
4.409455711002178191e+01
4.135355811480369681e+01
3.949233234631132206e+01
3.939506555058151349e+01
3.972115959177941136e+01
3.881786714194532095e+01
3.759969976835269279e+01
3.537946577445414675e+01
3.648143013757530184e+01
3.569607467185032590e+01
3.580455052436951746e+01
3.811244438340439444e+01
4.087349961104190044e+01
4.864093157463802441e+01
5.475210463533260707e+01
4.898393083716054974e+01
4.968182860999085193e+01
4.634566915894587424e+01
2.906097318079202196e+01
2.362129853787486411e+01
3.106324687574294785e+01
3.793371666611607651e+01
4.106497837546509544e+01
4.014021299088951622e+01
4.287217596286732402e+01
4.788813260133198213e+01
5.079923851491423648e+01
4.553841920564946122e+01
4.453746055584500851e+01
4.229840991437221476e+01
3.968058975915671027e+01
4.524835172430888974e+01
3.795727373832402662e+01
3.502977432336347619e+01
3.212425294937445130e+01
3.041360476780594269e+01
3.052963594197656150e+01
3.019710196701372595e+01
3.165824525556116598e+01
3.737454300176104738e+01
4.030399429873349959e+01
3.890387697071592754e+01
4.756710780267227534e+01
3.496524654590277947e+01
3.522229276589833091e+01
4.030390733124156810e+01
4.586714507758514259e+01
4.740029870608686480e+01
4.539186499009453968e+01
4.428999578315937669e+01
4.542173549315204184e+01
4.646187687086837315e+01
5.289323883374311208e+01
3.980044467713724288e+01
3.755232105338529180e+01
3.200954249907601223e+01
3.096848988930070945e+01
3.311615073488117389e+01
3.448589538113886732e+01
3.808624042116499453e+01
4.283731224518021463e+01
4.119156110694576967e+01
4.011831179104276401e+01
3.827351301066372713e+01
4.020506438046373887e+01
3.782667056002262740e+01
3.666500401844416501e+01
3.676129581166132709e+01
3.968325891426587049e+01
3.957703555156425068e+01
3.848068872291607789e+01
3.861491328132445489e+01
3.896984872284338053e+01
3.936897048817441203e+01
4.088966272149809100e+01
4.204400638721911321e+01
4.101425502586094751e+01
4.246549822679290287e+01
4.124937992332308312e+01
4.197819616779717222e+01
4.251692625925957003e+01
4.161199410475604310e+01
4.103575188514865602e+01
4.106914105757724087e+01
3.938070896923898800e+01
3.919429075526007011e+01
3.962340434765364705e+01
3.914538131639523044e+01
3.809340021263273712e+01
3.717774367140595615e+01
3.595852954867528695e+01
3.561681772561149728e+01
3.548289545268220735e+01
3.717336984766997432e+01
3.822648178920718465e+01
4.085811672971350106e+01
4.098890549624633906e+01
4.120865573069879417e+01
4.124530506222944126e+01
4.097947711122019854e+01
4.146516906769273447e+01
4.079752422643878162e+01
4.075960792031098379e+01
4.096569682443184490e+01
4.122647849407410092e+01
3.941137384590960124e+01
4.114455560050240734e+01
4.164084967101771184e+01
3.965871116603200619e+01
3.909937041188468498e+01
3.920181774665041274e+01
3.972606649769150522e+01
4.040609168570754406e+01
4.040660723207896865e+01
4.005258709985093191e+01
3.964483018910336654e+01
4.053270766831282401e+01
3.995020059866941864e+01
4.100045040333358770e+01
3.828899929330665231e+01
3.685324048751893145e+01
3.495326655906174551e+01
3.273260310267411910e+01
3.098802152360146778e+01
3.137334963550610212e+01
3.221484429384030079e+01
3.241913963431473888e+01
3.595684086047862849e+01
4.145465999958272363e+01
4.598387237515188275e+01
4.527986781458440646e+01
4.446480789585090321e+01
4.537814373207975649e+01
4.557717371570439013e+01
4.467855026252676254e+01
4.580200666445845314e+01
4.711373480321974938e+01
4.653723354908346721e+01
4.544663871442840275e+01
3.998767615529182962e+01
4.293937065435312661e+01
4.514257376908442865e+01
4.278387361853534543e+01
4.235846921954902200e+01
3.789465495539265305e+01
3.818309660939430472e+01
3.589272410163795968e+01
3.555843173172471694e+01
3.451243931098658635e+01
3.342520294562589100e+01
