8.359748527997503231e+01
8.119034848819963202e+01
6.752914856794333787e+01
6.726853484106804615e+01
6.736433672064258360e+01
6.820168321434347547e+01
6.931254761660885322e+01
7.041460502368857988e+01
6.763843498791072761e+01
6.398821880599817291e+01
6.336271076159420801e+01
6.375996592890177794e+01
7.672458588491490161e+01
7.424839212189668558e+01
7.095516961770471198e+01
1.127753070843440781e+02
1.184969872992032549e+02
1.166761117949893958e+02
1.121678113750128318e+02
1.103259922589994773e+02
1.081173596296004575e+02
1.034603495050582751e+02
1.005156617028229107e+02
9.405131918664969248e+01
9.173820416717383353e+01
9.146718914174027759e+01
8.757659983711658924e+01
8.569886827004077645e+01
8.598234831654099253e+01
8.647061637839172477e+01
8.658033478125415172e+01
8.747980586546684378e+01
8.751134130266453326e+01
8.802427039204772541e+01
8.773598781360333021e+01
8.864155117024776587e+01
8.866740651285368813e+01
8.835980300836466483e+01
8.830623903263331442e+01
8.826928110102959124e+01
8.794445507816027430e+01
8.725619396494829516e+01
8.722211943528971290e+01
8.710202977113914358e+01
8.683415210658904471e+01
8.663889342944136729e+01
8.684338089580253950e+01
8.680210622300728573e+01
8.516065380782049488e+01
8.499598674737352155e+01
8.485020458349045214e+01
8.225748635708193035e+01
8.189150070563057682e+01
8.346627671266982418e+01
8.478551493981947829e+01
8.396476533759678773e+01
8.332393903311120198e+01
8.309892705281488645e+01
8.266270304487159137e+01
8.313865778447078014e+01
8.254282348961943683e+01
8.226823268182509707e+01
8.225792231385661069e+01
8.199755581335537613e+01
8.224604601939542192e+01
8.306937068652426603e+01
8.286819153055742504e+01
8.371318666297568711e+01
8.296661892643788860e+01
8.327494320750992074e+01
8.353906950670791787e+01
9.155765679534333401e+01
9.452722341362678549e+01
1.046201965561015186e+02
1.086647136574422916e+02
1.019358476453453619e+02
9.698116544696512165e+01
9.993473011646122472e+01
9.445582854698113806e+01
9.420332516307840365e+01
9.143077589187562637e+01
9.142223533746637543e+01
9.188384869586394643e+01
9.203493588349527954e+01
8.839464161261764730e+01
8.579794252880564898e+01
8.771101245003551128e+01
1.007726120991029717e+02
9.991013350617188848e+01
9.397705389146527466e+01
9.645979002879191455e+01
9.503677762917183713e+01
9.006299193090204369e+01
8.507727870990436259e+01
8.439696125867344279e+01
8.264380786913775978e+01
8.201169656501194538e+01
8.128600937902766077e+01
7.956214730651188916e+01
7.706328295265730333e+01
7.787009291859288851e+01
7.876325883799077587e+01
7.954611101897543790e+01
7.980617932407454873e+01
7.964852423130668058e+01
7.999044471266968515e+01
8.165431473662665951e+01
8.945108498070730718e+01
9.578611986955252178e+01
1.020444155213068171e+02
1.039665802381749700e+02
9.866206457043998057e+01
1.005783777789449545e+02
1.038128733751004091e+02
1.025376653825279476e+02
1.005965707752160654e+02
9.913392248239607341e+01
9.941453555089825045e+01
9.914702083652368003e+01
9.871383029524800179e+01
9.841754850463955506e+01
9.814039161583588111e+01
9.451812399442412982e+01
9.084484615532289808e+01
9.079133035638001559e+01
9.144098987090835351e+01
9.143644684783488685e+01
9.202445287959422160e+01
9.763987593376204188e+01
1.058016429187413507e+02
1.109786763765308990e+02
1.165501425473051711e+02
7.710539424210045922e+01
7.112368894281188147e+01
7.655437099814930946e+01
8.178790894840571468e+01
8.532489915613942344e+01
8.234056142916043086e+01
8.132986163186349415e+01
7.947655987128702293e+01
7.872004751764958996e+01
8.027561912074916961e+01
7.750149194229585703e+01
7.998542116827091775e+01
8.888789689163505159e+01
8.106754684109279196e+01
1.082649666395004431e+02
1.172779884581660923e+02
1.280378072999783967e+02
1.379611359830254855e+02
1.399917071431013937e+02
1.434847951162340962e+02
1.490676239731601811e+02
1.573948057174561654e+02
1.371007186692937978e+02
1.212781248033327302e+02
8.115468624387996499e+01
1.006042444667995568e+02
1.062297215374678672e+02
1.019635282516111801e+02
9.926723931354003128e+01
9.596031629960882015e+01
9.145680132889854974e+01
8.792245391896651086e+01
8.560667387751743718e+01
8.186111873175678966e+01
8.159080877839491563e+01
7.486803633188812057e+01
7.728096770213413436e+01
7.710873360406957033e+01
7.511637607902973457e+01
7.524071787716204085e+01
7.865088806372673957e+01
7.980834870998711494e+01
7.898163844213185314e+01
7.549119916861204160e+01
7.548992319192322498e+01
7.794425062262799031e+01
7.306432076055719449e+01
7.404411454606835719e+01
7.415063747852425990e+01
7.370357466848315653e+01
7.247689053957302008e+01
7.296558910151757971e+01
7.164513480261879863e+01
6.997726863429340938e+01
6.979953807697955881e+01
6.912814098026377962e+01
7.011146251610753666e+01
7.034027109742558537e+01
6.983178172013859353e+01
6.939578475745945241e+01
6.707493366599778994e+01
6.658915515472097013e+01
6.680603563029323766e+01
6.748127589339004828e+01
6.817199170366110650e+01
6.766590003740280679e+01
6.806347624855825984e+01
6.887513224868972372e+01
6.963672667959001217e+01
6.832320502815377949e+01
6.786956456370094770e+01
6.638162623510024218e+01
6.628889578971993046e+01
6.628051874260751219e+01
6.621302688618452237e+01
6.756457526299334404e+01
6.839022378413326919e+01
6.829321356055316983e+01
6.801593146678933977e+01
6.761275961329960182e+01
6.644788959783360838e+01
6.646903419799203050e+01
6.514145085261620238e+01
6.401975395716775097e+01
6.444896597844055464e+01
6.549125722224727042e+01
6.585592183168161284e+01
6.575994877005658168e+01
6.604301512754500436e+01
6.829859564672769068e+01
6.940273088955899539e+01
6.993817877480083212e+01
7.037704046313270112e+01
7.045906957026818418e+01
7.021288006072870758e+01
7.050554727636342989e+01
7.129982622482116028e+01
7.152956513793121474e+01
7.201395509765046654e+01
7.170867665633042520e+01
7.013750010737780372e+01
7.103809348636779930e+01
7.186942288298010340e+01
7.492400539738270027e+01
7.622180546096193154e+01
7.542199317859770247e+01
7.547485580205481881e+01
7.628140651019822371e+01
7.630371352762495007e+01
7.545186412422312117e+01
7.688149210475083351e+01
7.599449577409397705e+01
7.819872489045215502e+01
8.084007073821284450e+01
8.879469253694490760e+01
9.654216030595830489e+01
1.031080062685748118e+02
1.104443033605336240e+02
1.161317846410919685e+02
1.145648240068226329e+02
1.058548206647833609e+02
1.024040272945121046e+02
8.834831621555262871e+01
8.818396913876578935e+01
9.012807910793355859e+01
8.983558684540531658e+01
8.897872165120683974e+01
8.908166086302483677e+01
8.819240580797213624e+01
8.874484688159643042e+01
9.199160127091769823e+01
9.274751270507364609e+01
